3
4
5
6
7
9
11
12
13
14
15
16
17
20
22
24
25
31
32
33
34
36
37
38
39
44
45
47
49
51
52
53
55
56
57
58
59
60
62
63
64
67
68
69
71
72
73
75
76
77
80
82
84
86
87
89
92
94
95
96
98
99
100
101
103
104
105
106
107
108
109
112
114
115
117
120
121
122
123
124
125
126
127
129
130
131
132
133
135
136
137
138
139
140
141
143
145
146
147
148
149
150
151
154
156
157
158
160
161
162
164
165
167
168
169
172
173
174
175
176
177
179
180
181
182
185
186
187
188
189
190
192
193
195
199
200
202
205
206
208
209
210
211
212
214
215
216
217
218
220
223
224
225
226
228
230
232
234
236
237
238
239
240
241
242
243
244
245
246
247
248
249
250
251
252
253
255
256
257
258
260
261
262
264
265
266
267
268
269
270
272
273
274
278
279
280
282
283
285
286
287
288
289
290
291
295
296
298
299
303
305
309
310
311
312
313
315
317
318
320
322
323
324
325
326
329
330
331
333
334
335
336
337
338
339
340
341
342
344
346
347
349
351
352
353
355
358
359
360
361
362
363
364
366
367
369
372
376
377
379
380
383
384
385
387
389
390
393
395
396
397
398
399
400
402
403
405
407
409
410
411
412
413
415
416
418
420
421
422
424
427
429
430
431
432
433
434
435
436
438
439
440
441
442
443
446
447
448
449
450
452
455
457
459
461
462
463
464
465
467
470
471
473
474
475
476
478
480
481
482
483
486
489
490
492
494
496
497
498
500
504
507
508
510
511
517
519
520
521
522
523
524
526
527
528
529
531
534
535
536
538
540
543
544
546
547
548
550
551
554
555
559
560
561
562
563
565
566
569
571
572
573
574
576
577
578
580
582
583
585
587
588
589
590
592
594
595
597
599
600
602
605
607
608
609
611
612
613
616
617
618
620
621
622
623
624
626
627
628
629
631
632
633
634
635
637
640
641
642
643
644
646
648
652
653
654
655
659
660
661
662
665
666
669
671
672
673
674
675
676
677
678
680
681
682
683
684
686
689
690
691
692
693
696
698
699
700
701
702
705
707
708
709
711
713
714
715
716
718
719
721
723
724
729
730
732
733
734
735
736
738
739
740
742
743
744
745
746
748
753
754
755
756
757
758
759
762
765
766
767
768
770
772
773
774
775
776
777
781
783
788
789
790
791
795
796
798
800
802
803
804
805
808
809
810
811
812
813
814
815
816
817
818
820
823
827
829
830
831
832
837
838
839
843
844
845
847
848
849
852
853
854
858
859
860
862
865
866
868
869
870
871
872
873
874
877
879
881
883
884
887
892
894
896
897
898
899
900
901
902
903
904
905
906
907
908
915
916
917
919
920
922
925
926
927
928
929
930
931
932
936
937
938
939
940
941
943
945
946
950
953
956
957
958
959
960
961
962
964
965
966
967
968
969
972
975
978
980
981
984
985
987
989
991
992
993
994
996
997
999
1001
1003
1004
1005
1006
1007
1008
1009
1010
1011
1012
1013
1014
1015
1016
1019
1020
1021
1022
1023
1024
1027
1029
1030
1033
1034
1035
1036
1037
1038
1039
1042
1046
1047
1049
1051
1052
1053
1054
1055
1056
1058
1059
1060
1062
1064
1068
1070
1071
1072
1074
1075
1076
1077
1079
1080
1081
1082
1083
1088
1089
1090
1091
1092
1093
1094
1095
1098
1099
1100
1101
1102
1103
1107
1110
1111
1112
1115
1116
1118
1119
1120
1121
1122
1123
1125
1126
1127
1130
1131
1135
1136
1138
1140
1141
1143
1144
1149
1151
1154
1155
1156
1160
1161
1163
1164
1165
1166
1169
1170
1171
1173
1174
1176
1177
1178
1180
1181
1183
1184
1185
1186
1188
1189
1190
1192
1193
1195
1196
1198
1201
1203
1204
1209
1211
1212
1214
1215
1217
1220
1222
1223
1225
1226
1230
1231
1234
1235
1236
1242
1244
1245
1246
1249
1250
1252
1253
1254
1256
1257
1258
1260
1262
1264
1265
1266
1270
1271
1272
1273
1274
1275
1276
1277
1278
1281
1282
1283
1284
1286
1287
1288
1290
1292
1294
1296
1298
1300
1301
1303
1304
1305
1307
1308
1311
1312
1314
1315
1317
1320
1321
1324
1325
1327
1328
1329
1331
1332
1333
1334
1335
1336
1337
1341
1343
1344
1345
1346
1348
1351
1352
1353
1354
1355
1356
1357
1358
1359
1361
1362
1363
1364
1366
1367
1369
1370
1371
1373
1377
1383
1385
1386
1388
1390
1394
1395
1397
1399
1400
1401
1403
1404
1406
1411
1412
1413
1414
1415
1417
1418
1424
1426
1428
1429
1431
1432
1433
1434
1437
1439
1440
1441
1442
1443
1444
1445
1446
1448
